Date,Open,High,Low,Close,Volume,Adj Close,rsi,quarter,year
2012-01-03,1.42,1.42,1.42,1.42,25900,1.42,,1,2012
2012-01-04,1.42,1.42,1.41,1.42,8100,1.42,,1,2012
2012-01-05,1.4,1.43,1.4,1.4,39000,1.4,,1,2012
2012-01-06,1.4,1.43,1.4,1.43,17600,1.43,,1,2012
2012-01-09,1.43,1.43,1.4,1.43,21400,1.43,,1,2012
2012-01-10,1.43,1.43,1.4,1.43,29900,1.43,,1,2012
2012-01-11,1.44,1.5,1.44,1.48,39500,1.48,,1,2012
2012-01-12,1.5,1.5,1.45,1.45,19000,1.45,,1,2012
2012-01-13,1.5,1.55,1.5,1.5,109100,1.5,,1,2012
2012-01-17,1.69,1.69,1.52,1.55,91800,1.55,,1,2012
2012-01-18,1.6,1.63,1.51,1.55,83200,1.55,,1,2012
2012-01-19,1.6,1.68,1.55,1.55,63900,1.55,,1,2012
2012-01-20,1.65,1.65,1.51,1.55,32100,1.55,,1,2012
2012-01-23,1.55,1.6,1.53,1.55,12300,1.55,,1,2012
2012-01-24,1.6,1.65,1.57,1.57,3500,1.57,80.0,1,2012
2012-01-25,1.57,1.64,1.57,1.6,37400,1.6,82.2888283379,1,2012
2012-01-26,1.6,1.73,1.6,1.7,81600,1.7,87.4461447036,1,2012
2012-01-27,1.8,1.8,1.73,1.76,55700,1.76,89.4341473737,1,2012
2012-01-30,1.76,1.79,1.75,1.76,21500,1.76,89.4341473737,1,2012
2012-01-31,1.75,1.75,1.65,1.75,12800,1.75,86.7779084303,1,2012
2012-02-01,1.75,1.76,1.74,1.76,29200,1.76,87.1877114581,1,2012
2012-02-02,1.7,1.75,1.67,1.68,19500,1.68,68.8130121372,1,2012
2012-02-03,1.76,1.76,1.67,1.69,12800,1.69,69.6733790153,1,2012
2012-02-06,1.67,1.7,1.59,1.6,8100,1.6,54.9741123135,1,2012
2012-02-07,1.6,1.62,1.6,1.6,14100,1.6,54.9741123135,1,2012
2012-02-08,1.6,1.65,1.6,1.64,10100,1.64,59.390280774,1,2012
2012-02-09,1.7,1.71,1.67,1.7,9900,1.7,64.9444165272,1,2012
2012-02-10,1.7,1.7,1.7,1.7,0,1.7,64.9444165272,1,2012
2012-02-13,1.73,1.79,1.71,1.71,50900,1.71,65.847295868,1,2012
2012-02-14,1.71,1.75,1.7,1.75,7600,1.75,69.2580371941,1,2012
2012-02-15,1.77,1.77,1.67,1.75,52900,1.75,69.2580371941,1,2012
2012-02-16,1.82,1.82,1.76,1.8,197700,1.8,73.1459214101,1,2012
2012-02-17,1.81,1.81,1.76,1.8,78000,1.8,73.1459214101,1,2012
2012-02-21,1.81,1.84,1.66,1.75,92900,1.75,63.7896780956,1,2012
2012-02-22,1.75,1.75,1.68,1.72,49200,1.72,58.9198983917,1,2012
2012-02-23,1.78,1.8,1.68,1.68,15300,1.68,53.0992578988,1,2012
2012-02-24,1.7,1.7,1.64,1.66,36200,1.66,50.417352168,1,2012
2012-02-27,1.7,1.75,1.66,1.75,22100,1.75,60.1671143682,1,2012
2012-02-28,1.75,1.75,1.7,1.7,24300,1.7,53.8337937752,1,2012
2012-02-29,1.68,1.68,1.67,1.67,2500,1.67,50.4054399811,1,2012
2012-03-01,1.74,1.8,1.74,1.8,59700,1.8,61.7677631156,1,2012
2012-03-02,1.8,1.8,1.66,1.7,34800,1.7,51.9148237663,1,2012
2012-03-05,1.71,1.71,1.48,1.63,112300,1.63,46.3421589563,1,2012
2012-03-06,1.6,1.65,1.58,1.63,39600,1.63,46.3421589563,1,2012
2012-03-07,1.66,1.66,1.65,1.65,3500,1.65,48.1851659013,1,2012
2012-03-08,1.65,1.73,1.6,1.72,38800,1.72,54.1243735885,1,2012
2012-03-09,1.73,1.73,1.7,1.73,15000,1.73,54.9193445507,1,2012
2012-03-12,1.75,1.78,1.73,1.73,28200,1.73,54.9193445507,1,2012
2012-03-13,1.77,1.78,1.73,1.74,58400,1.74,55.8074964129,1,2012
2012-03-14,1.75,1.75,1.61,1.75,98700,1.75,56.7256436037,1,2012
2012-03-15,1.75,1.75,1.69,1.7,13400,1.7,51.0181776047,1,2012
2012-03-16,1.7,1.7,1.66,1.68,10100,1.68,48.8988073144,1,2012
2012-03-19,1.69,1.72,1.65,1.65,14800,1.65,45.8237814826,1,2012
2012-03-20,1.69,1.72,1.65,1.69,18200,1.69,50.3105921454,1,2012
2012-03-21,1.65,1.7,1.61,1.69,23700,1.69,50.3105921454,1,2012
2012-03-22,1.69,1.7,1.69,1.69,2800,1.69,50.3105921454,1,2012
2012-03-23,1.65,1.65,1.62,1.65,3600,1.65,45.5943692986,1,2012
2012-03-26,1.69,1.72,1.67,1.7,17400,1.7,51.6905979448,1,2012
2012-03-27,1.72,1.72,1.64,1.7,5100,1.7,51.6905979448,1,2012
2012-03-28,1.65,1.65,1.61,1.65,39400,1.65,45.7457891747,1,2012
2012-03-29,1.65,1.65,1.64,1.65,35600,1.65,45.7457891747,1,2012
2012-03-30,1.68,1.7,1.68,1.69,4200,1.69,50.9768187681,1,2012
2012-04-02,1.7,1.73,1.69,1.69,32200,1.69,50.9768187681,2,2012
2012-04-03,1.7,1.7,1.67,1.67,19200,1.67,48.277595971,2,2012
2012-04-04,1.68,1.7,1.64,1.64,28000,1.64,44.4735662446,2,2012
2012-04-05,1.65,1.68,1.62,1.65,4500,1.65,46.0009487924,2,2012
2012-04-09,1.62,1.64,1.5,1.56,91600,1.56,36.3181843939,2,2012
2012-04-10,1.58,1.65,1.58,1.6,11000,1.6,42.1467599074,2,2012
2012-04-11,1.64,1.69,1.64,1.69,15000,1.69,52.6482361284,2,2012
2012-04-12,1.69,1.69,1.65,1.69,11000,1.69,52.6482361284,2,2012
2012-04-13,1.69,1.69,1.64,1.65,13000,1.65,48.1437103875,2,2012
2012-04-16,1.65,1.68,1.65,1.68,2300,1.68,51.4956189379,2,2012
2012-04-17,1.69,1.69,1.51,1.54,8100,1.54,38.8690333568,2,2012
2012-04-18,1.54,1.7,1.51,1.68,67600,1.68,51.6391357865,2,2012
2012-04-19,1.68,1.75,1.68,1.7,16800,1.7,53.1449660389,2,2012
2012-04-20,1.6,1.65,1.6,1.65,2700,1.65,49.0343485411,2,2012
2012-04-23,1.65,1.7,1.65,1.65,6300,1.65,49.0343485411,2,2012
2012-04-24,1.65,1.75,1.6,1.7,37000,1.7,53.2298427818,2,2012
2012-04-25,1.75,1.78,1.71,1.75,58900,1.75,57.0384821285,2,2012
2012-04-26,1.78,1.78,1.69,1.69,15200,1.69,51.6074841942,2,2012
2012-04-27,1.69,1.74,1.6,1.74,22700,1.74,55.4171181828,2,2012
2012-04-30,1.74,1.74,1.61,1.7,66000,1.7,51.8972676973,2,2012
2012-05-01,1.7,1.72,1.63,1.72,13000,1.72,53.4880102009,2,2012
2012-05-02,1.74,1.74,1.64,1.64,6400,1.64,46.8185219293,2,2012
2012-05-03,1.7,1.72,1.65,1.66,6200,1.66,48.5458743997,2,2012
2012-05-04,1.65,1.65,1.63,1.63,10300,1.63,46.1257380606,2,2012
2012-05-07,1.6,1.68,1.6,1.65,25000,1.65,47.9873531237,2,2012
2012-05-08,1.7,1.7,1.63,1.7,77200,1.7,52.4143503106,2,2012
2012-05-09,1.7,1.72,1.7,1.7,79000,1.7,52.4143503106,2,2012
2012-05-10,1.7,1.7,1.7,1.7,26000,1.7,52.4143503106,2,2012
2012-05-11,1.7,1.72,1.7,1.71,30300,1.71,53.405007918,2,2012
2012-05-14,1.7,1.71,1.65,1.65,134900,1.65,47.0728208847,2,2012
2012-05-15,1.7,1.71,1.7,1.7,190000,1.7,52.1630641838,2,2012
2012-05-16,1.7,1.7,1.61,1.61,12700,1.61,43.9663881359,2,2012
2012-05-17,1.71,1.71,1.69,1.7,104200,1.7,52.0761972404,2,2012
2012-05-18,1.71,1.71,1.65,1.65,2700,1.65,47.9262054511,2,2012
2012-05-21,1.65,1.65,1.63,1.63,8200,1.63,46.3355823889,2,2012
2012-05-22,1.63,1.68,1.63,1.65,12000,1.65,48.1874662378,2,2012
2012-05-23,1.69,1.69,1.62,1.65,31000,1.65,48.1874662378,2,2012
2012-05-24,1.67,1.72,1.65,1.72,25400,1.72,54.5534516469,2,2012
2012-05-25,1.67,1.7,1.65,1.7,15600,1.7,52.5661948654,2,2012
2012-05-29,1.66,1.67,1.66,1.67,5800,1.67,49.6448559057,2,2012
2012-05-30,1.7,1.71,1.69,1.7,14100,1.7,52.4883986539,2,2012
2012-05-31,1.7,1.7,1.7,1.7,0,1.7,52.4883986539,2,2012
2012-06-01,1.7,1.7,1.66,1.66,3500,1.66,48.2730923119,2,2012
2012-06-04,1.66,1.66,1.66,1.66,2000,1.66,48.2730923119,2,2012
2012-06-05,1.66,1.68,1.66,1.66,11600,1.66,48.2730923119,2,2012
2012-06-06,1.66,1.69,1.66,1.66,12000,1.66,48.2730923119,2,2012
2012-06-07,1.65,1.69,1.65,1.69,10400,1.69,52.149688669,2,2012
2012-06-08,1.68,1.7,1.67,1.67,12800,1.67,49.4870103102,2,2012
2012-06-11,1.7,1.7,1.7,1.7,800,1.7,53.3358210828,2,2012
2012-06-12,1.7,1.7,1.69,1.69,22600,1.69,51.9158265024,2,2012
2012-06-13,1.67,1.67,1.63,1.64,5000,1.64,45.4064428383,2,2012
2012-06-14,1.65,1.65,1.65,1.65,1000,1.65,46.8420093951,2,2012
2012-06-15,1.66,1.66,1.65,1.65,14800,1.65,46.8420093951,2,2012
2012-06-18,1.64,1.65,1.6,1.65,25100,1.65,46.8420093951,2,2012
2012-06-19,1.65,1.66,1.65,1.65,30300,1.65,46.8420093951,2,2012
2012-06-20,1.67,1.7,1.67,1.7,69500,1.7,54.8300503688,2,2012
2012-06-21,1.7,1.71,1.7,1.71,8000,1.71,56.2461780182,2,2012
2012-06-22,1.7,1.7,1.67,1.67,1100,1.67,49.5538818594,2,2012
2012-06-25,1.65,1.65,1.65,1.65,500,1.65,46.5702489935,2,2012
2012-06-26,1.65,1.65,1.65,1.65,4700,1.65,46.5702489935,2,2012
2012-06-27,1.65,1.7,1.65,1.65,31700,1.65,46.5702489935,2,2012
2012-06-28,1.7,1.7,1.61,1.61,8000,1.61,40.4817404087,2,2012
2012-06-29,1.6,1.7,1.55,1.7,20400,1.7,54.8004448523,2,2012
2012-07-02,1.56,1.7,1.56,1.7,1500,1.7,54.8004448523,3,2012
2012-07-03,1.67,1.69,1.65,1.65,29300,1.65,47.4459989452,3,2012
2012-07-05,1.69,1.69,1.61,1.61,6600,1.61,42.5287401885,3,2012
2012-07-06,1.66,1.66,1.66,1.66,25000,1.66,49.5651183207,3,2012
2012-07-09,1.67,1.69,1.63,1.63,7500,1.63,45.9314557386,3,2012
2012-07-10,1.68,1.74,1.68,1.71,55800,1.71,55.3349576154,3,2012
2012-07-11,1.7,1.78,1.7,1.78,39400,1.78,61.6241599938,3,2012
2012-07-12,1.61,1.78,1.61,1.7,13500,1.7,52.521977847,3,2012
2012-07-13,1.74,1.8,1.73,1.8,33900,1.8,60.396478308,3,2012
2012-07-16,1.61,1.8,1.61,1.7,17700,1.7,51.2436532573,3,2012
2012-07-17,1.79,1.79,1.7,1.78,15900,1.78,56.8742551831,3,2012
2012-07-18,1.8,1.86,1.8,1.82,119600,1.82,59.3989868444,3,2012
2012-07-19,1.85,1.95,1.83,1.95,366500,1.95,66.3034788125,3,2012
2012-07-20,1.9,1.99,1.9,1.98,221000,1.98,67.6698393369,3,2012
2012-07-23,1.95,2.05,1.95,2.05,142400,2.05,70.6594207932,3,2012
2012-07-24,1.9,2.05,1.9,2.0,93300,2.0,65.9671113681,3,2012
2012-07-25,2.02,2.07,2.0,2.03,106800,2.03,67.3673586291,3,2012
2012-07-26,2.03,2.19,2.03,2.1,86500,2.1,70.425035703,3,2012
2012-07-27,2.13,2.13,2.01,2.09,70300,2.09,69.4242587767,3,2012
2012-07-30,2.11,2.2,2.11,2.15,40600,2.15,71.9956688791,3,2012
2012-07-31,2.15,2.19,1.97,2.06,101100,2.06,63.3846526306,3,2012
2012-08-01,2.05,2.15,2.05,2.15,30000,2.15,67.5627345939,3,2012
2012-08-02,2.09,2.15,2.09,2.14,15600,2.14,66.6526673052,3,2012
2012-08-03,2.15,2.19,2.09,2.17,32600,2.17,68.0433666288,3,2012
2012-08-06,2.2,2.2,2.19,2.2,4700,2.2,69.4168973177,3,2012
2012-08-07,2.2,2.24,2.2,2.2,49500,2.2,69.4168973177,3,2012
2012-08-08,2.24,2.24,2.21,2.23,6700,2.23,70.8690152219,3,2012
2012-08-09,2.24,2.25,2.22,2.23,15800,2.23,70.8690152219,3,2012
2012-08-10,2.25,2.47,2.23,2.43,58600,2.43,78.6915869193,3,2012
2012-08-13,2.49,2.69,2.2,2.35,790100,2.35,70.5327226338,3,2012
2012-08-14,2.35,2.5,2.28,2.28,20500,2.28,64.2550138741,3,2012
2012-08-15,2.28,2.4,1.91,2.15,164800,2.15,54.5454629632,3,2012
2012-08-16,2.2,2.2,2.1,2.2,30100,2.2,57.2228740615,3,2012
2012-08-17,2.27,2.35,2.25,2.35,9000,2.35,64.0619611289,3,2012
2012-08-20,2.2,2.4,2.1,2.35,30100,2.35,64.0619611289,3,2012
2012-08-21,2.35,2.4,2.2,2.21,28600,2.21,54.6110588829,3,2012
2012-08-22,2.3,2.84,2.3,2.84,489600,2.84,73.5332354984,3,2012
2012-08-23,2.9,2.9,2.7,2.7,86300,2.7,66.8624706654,3,2012
2012-08-24,2.71,2.76,2.7,2.76,12400,2.76,68.1941711881,3,2012
2012-08-27,2.75,2.83,2.7,2.8,23800,2.8,69.0861069346,3,2012
2012-08-28,2.8,2.88,2.76,2.85,36600,2.85,70.2106661792,3,2012
2012-08-29,2.86,2.9,2.83,2.87,113900,2.87,70.6702676546,3,2012
2012-08-30,2.84,2.87,2.71,2.81,39200,2.81,67.3149172762,3,2012
2012-08-31,2.85,2.86,2.75,2.82,28400,2.82,67.591101486,3,2012
2012-09-04,2.8,2.8,2.7,2.75,45100,2.75,63.5434529862,3,2012
2012-09-05,2.78,2.78,2.7,2.7,28300,2.7,60.7452313807,3,2012
2012-09-06,2.74,2.74,2.51,2.69,58600,2.69,60.1744912624,3,2012
2012-09-07,2.69,2.69,2.45,2.6,18300,2.6,55.1520479173,3,2012
2012-09-10,2.55,2.65,2.54,2.65,36300,2.65,57.2850659996,3,2012
2012-09-11,2.55,2.58,2.55,2.56,11700,2.56,52.4494679246,3,2012
2012-09-12,2.56,2.64,2.56,2.63,35600,2.63,55.5895038525,3,2012
2012-09-13,2.63,2.63,2.6,2.6,49900,2.6,53.9453547938,3,2012
2012-09-14,2.59,2.65,2.59,2.62,103400,2.62,54.9029672405,3,2012
2012-09-17,2.62,2.66,2.6,2.66,41800,2.66,56.8360574707,3,2012
2012-09-18,2.67,2.67,2.61,2.67,26300,2.67,57.3285125623,3,2012
2012-09-19,2.65,2.76,2.65,2.75,38700,2.75,61.1474274302,3,2012
2012-09-20,2.75,2.76,2.68,2.68,31200,2.68,56.3917690407,3,2012
2012-09-21,2.7,2.77,2.7,2.71,19400,2.71,57.9028678694,3,2012
2012-09-24,2.71,2.71,2.7,2.71,20700,2.71,57.9028678694,3,2012
2012-09-25,2.74,3.2,2.74,3.1,361500,3.1,72.3489208695,3,2012
2012-09-26,3.1,3.1,2.94,3.02,149800,3.02,67.2508645542,3,2012
2012-09-27,3.03,3.03,2.95,3.01,322800,3.01,66.6189403537,3,2012
2012-09-28,3.03,3.03,2.98,3.01,527600,3.01,66.6189403537,3,2012
2012-10-01,3.02,3.02,2.87,2.94,158600,2.94,61.8971654073,4,2012
2012-10-02,2.96,2.96,2.87,2.89,14600,2.89,58.6969462684,4,2012
2012-10-03,2.91,3.0,2.9,2.98,91200,2.98,62.4593699788,4,2012
2012-10-04,3.05,3.05,3.0,3.01,242100,3.01,63.6480810574,4,2012
2012-10-05,3.01,3.01,3.0,3.0,247400,3.0,62.9327372795,4,2012
2012-10-08,3.0,3.0,2.91,2.91,70000,2.91,56.7507476815,4,2012
2012-10-09,2.92,2.92,2.86,2.89,56800,2.89,55.4472688673,4,2012
2012-10-10,2.9,2.9,2.56,2.67,131900,2.67,43.5875967545,4,2012
2012-10-11,2.67,2.67,2.41,2.62,112700,2.62,41.4192593648,4,2012
2012-10-12,2.61,2.69,2.61,2.69,3900,2.69,45.5064225088,4,2012
2012-10-15,2.66,2.87,2.66,2.87,51600,2.87,54.3302140558,4,2012
2012-10-16,2.88,2.95,2.88,2.95,190300,2.95,57.6151207284,4,2012
2012-10-17,2.9,2.92,2.8,2.8,85800,2.8,50.3084292106,4,2012
2012-10-18,2.76,2.77,2.67,2.67,12900,2.67,44.9839332858,4,2012
2012-10-19,2.66,2.79,2.64,2.7,12300,2.7,46.3939179658,4,2012
2012-10-22,2.75,2.8,2.7,2.8,8000,2.8,50.9101856417,4,2012
2012-10-23,2.83,2.91,2.71,2.75,68300,2.75,48.7008736611,4,2012
2012-10-24,2.74,2.8,2.73,2.8,9000,2.8,50.9912692845,4,2012
2012-10-25,2.84,2.84,2.78,2.78,21200,2.78,50.029064324,4,2012
2012-10-26,2.8,2.85,2.8,2.83,16200,2.83,52.4450385395,4,2012
2012-10-31,2.8,2.8,2.75,2.75,15600,2.75,48.4119988679,4,2012
2012-11-01,2.8,2.83,2.76,2.83,18900,2.83,52.3575431151,4,2012
2012-11-02,2.8,2.83,2.8,2.8,75800,2.8,50.7888340317,4,2012
2012-11-05,2.78,2.79,2.75,2.75,7800,2.75,48.1969467419,4,2012
2012-11-06,2.7,2.8,2.7,2.8,978700,2.8,50.8956346018,4,2012
2012-11-07,2.75,2.78,2.73,2.75,53800,2.75,48.1919473295,4,2012
2012-11-08,2.78,2.8,2.75,2.75,14700,2.75,48.1919473295,4,2012
2012-11-09,2.77,2.83,2.75,2.8,56800,2.8,51.1985628904,4,2012
2012-11-12,2.8,2.84,2.79,2.84,97300,2.84,53.5223659274,4,2012
2012-11-13,2.85,2.9,2.85,2.85,23000,2.85,54.1106716822,4,2012
2012-11-14,2.84,2.85,2.35,2.55,154200,2.55,38.4050955511,4,2012
2012-11-15,2.53,2.61,2.34,2.34,233700,2.34,31.5104977789,4,2012
2012-11-16,2.32,2.42,2.31,2.35,24100,2.35,32.1352812434,4,2012
2012-11-19,2.6,2.8,2.5,2.72,139500,2.72,50.2271807141,4,2012
2012-11-20,2.84,2.98,2.82,2.84,123300,2.84,54.4668502919,4,2012
2012-11-21,2.86,2.86,2.75,2.8,64100,2.8,52.8508003906,4,2012
2012-11-23,2.84,2.84,2.73,2.75,21400,2.75,50.8209681963,4,2012
2012-11-26,2.82,2.86,2.82,2.83,67900,2.83,53.8735233274,4,2012
2012-11-27,2.76,2.83,2.76,2.8,10500,2.8,52.5561080667,4,2012
2012-11-28,2.8,2.8,2.66,2.77,19500,2.77,51.2075610717,4,2012
2012-11-29,2.7,2.85,2.67,2.8,60000,2.8,52.5195859483,4,2012
2012-11-30,2.83,2.88,2.8,2.84,80200,2.84,54.2847069036,4,2012
2012-12-03,2.86,2.86,2.72,2.85,17000,2.85,54.7377306735,4,2012
2012-12-04,2.81,2.81,2.67,2.67,7700,2.67,45.917245107,4,2012
2012-12-05,2.67,2.75,2.6,2.71,39700,2.71,47.9254294286,4,2012
2012-12-06,2.72,2.94,2.72,2.8,229100,2.8,52.2239790481,4,2012
2012-12-07,2.86,2.92,2.84,2.85,156900,2.85,54.472427424,4,2012
2012-12-10,3.0,3.1,2.84,3.0,263400,3.0,60.4811623381,4,2012
2012-12-11,3.07,3.07,2.94,3.0,469800,3.0,60.4811623381,4,2012
2012-12-12,3.07,3.07,2.98,3.0,293600,3.0,60.4811623381,4,2012
2012-12-13,2.98,2.98,2.9,2.9,40800,2.9,54.4927702589,4,2012
2012-12-14,2.83,2.9,2.57,2.8,119000,2.8,49.2421371244,4,2012
2012-12-17,2.88,2.88,2.75,2.88,48200,2.88,53.1327409855,4,2012
2012-12-18,2.88,2.88,2.75,2.81,873600,2.81,49.5535782743,4,2012
2012-12-19,2.77,2.81,2.65,2.67,198400,2.67,43.2748779868,4,2012
2012-12-20,2.63,2.75,2.61,2.66,101000,2.66,42.857168009,4,2012
2012-12-21,2.66,2.7,2.55,2.55,211000,2.55,38.4595221774,4,2012
2012-12-24,2.59,2.59,2.56,2.59,3800,2.59,40.8369078145,4,2012
2012-12-26,2.55,2.59,2.39,2.55,140200,2.55,39.2058320701,4,2012
2012-12-27,2.51,2.62,2.43,2.53,28600,2.53,38.3803923236,4,2012
2012-12-28,2.5,2.55,2.45,2.46,135000,2.46,35.5585576475,4,2012
2012-12-31,2.45,2.5,2.4,2.48,211600,2.48,36.9841282913,4,2012
2013-01-02,2.56,2.8,2.54,2.65,192000,2.65,47.5959907996,1,2013
2013-01-03,2.69,2.69,2.55,2.56,93200,2.56,43.4265722999,1,2013
2013-01-04,2.4,2.78,2.4,2.7,235000,2.7,50.666253241,1,2013
2013-01-07,2.76,2.76,2.58,2.59,43900,2.59,45.7160300909,1,2013
2013-01-08,2.67,2.69,2.55,2.64,66000,2.64,48.1937387641,1,2013
2013-01-09,2.6,2.7,2.56,2.56,109800,2.56,44.6797974685,1,2013
2013-01-10,2.55,2.66,2.54,2.63,31700,2.63,48.2362908692,1,2013
2013-01-11,2.58,2.67,2.54,2.61,17700,2.61,47.3006229375,1,2013
2013-01-14,2.61,2.68,2.6,2.62,28800,2.62,47.8453706196,1,2013
2013-01-15,2.65,2.75,2.6,2.7,38400,2.7,52.1102535776,1,2013
2013-01-16,2.65,2.7,2.6,2.6,59900,2.6,46.9427854583,1,2013
2013-01-17,2.65,2.76,2.63,2.75,73800,2.75,54.2684420866,1,2013
2013-01-18,2.75,2.82,2.66,2.7,30500,2.7,51.7057052751,1,2013
2013-01-22,2.7,2.75,2.61,2.7,33500,2.7,51.7057052751,1,2013
2013-01-23,2.66,2.8,2.65,2.79,64800,2.79,56.0394347047,1,2013
2013-01-24,2.83,2.93,2.74,2.8,92100,2.8,56.5064520123,1,2013
2013-01-25,2.85,2.89,2.8,2.89,48000,2.89,60.5667632601,1,2013
2013-01-28,2.89,2.89,2.7,2.8,207200,2.8,55.033905486,1,2013
2013-01-29,2.82,2.88,2.77,2.88,58000,2.88,58.6498701662,1,2013
2013-01-30,2.89,2.89,2.79,2.84,77800,2.84,56.215697926,1,2013
2013-01-31,2.84,2.87,2.81,2.85,6100,2.85,56.6995375996,1,2013
2013-02-01,2.82,2.99,2.81,2.91,81200,2.91,59.5852861553,1,2013
2013-02-04,2.91,2.96,2.82,2.83,36200,2.83,54.3812690988,1,2013
2013-02-05,2.83,2.83,2.76,2.76,97900,2.76,50.2460867781,1,2013
2013-02-06,2.77,2.81,2.74,2.8,38400,2.8,52.470205154,1,2013
2013-02-07,2.84,2.89,2.82,2.85,14300,2.85,55.1680266208,1,2013
2013-02-08,2.86,2.88,2.79,2.82,17900,2.82,53.2162614607,1,2013
2013-02-11,2.85,2.87,2.8,2.83,8300,2.83,53.8029635797,1,2013
2013-02-12,2.85,2.87,2.82,2.85,13400,2.85,55.0179642523,1,2013
2013-02-13,2.88,2.88,2.82,2.85,35500,2.85,55.0179642523,1,2013
2013-02-14,2.86,3.1,2.86,3.04,442500,3.04,65.124021888,1,2013
2013-02-15,3.05,3.28,3.05,3.2,277300,3.2,71.0271809265,1,2013
2013-02-19,3.34,3.49,3.22,3.4,253500,3.4,76.4036546492,1,2013
2013-02-20,3.44,3.52,3.34,3.4,233500,3.4,76.4036546492,1,2013
2013-02-21,3.43,3.43,3.21,3.28,157600,3.28,67.6659462023,1,2013
2013-02-22,3.3,3.35,2.88,3.03,417200,3.03,53.8491914416,1,2013
2013-02-25,2.94,3.06,2.82,3.0,447800,3.0,52.4647660374,1,2013
2013-02-26,3.01,3.2,3.0,3.14,111900,3.14,57.9038328412,1,2013
2013-02-27,3.15,3.16,3.02,3.13,57300,3.13,57.3986286771,1,2013
2013-02-28,3.3,3.53,3.25,3.34,2540200,3.34,64.4192923558,1,2013
2013-03-01,3.3,3.44,3.25,3.3,656400,3.3,62.3128124388,1,2013
2013-03-04,3.3,3.68,3.3,3.59,627700,3.59,69.9777314238,1,2013
2013-03-05,3.57,3.73,3.45,3.65,432500,3.65,71.279241919,1,2013
2013-03-06,3.7,3.89,3.65,3.72,423900,3.72,72.7627790987,1,2013
2013-03-07,3.75,3.75,3.62,3.75,188700,3.75,73.3970007104,1,2013
2013-03-08,3.8,3.84,3.64,3.8,138000,3.8,74.4642368384,1,2013
2013-03-11,3.84,3.96,3.78,3.96,221200,3.96,77.565765711,1,2013
2013-03-12,4.0,4.01,3.75,3.93,209500,3.93,75.7089860427,1,2013
2013-03-13,3.94,4.02,3.89,3.96,143500,3.96,76.3194592204,1,2013
2013-03-14,4.0,4.0,3.82,3.85,111100,3.85,69.4294358672,1,2013
2013-03-15,3.85,3.85,3.57,3.58,400400,3.58,56.0530094112,1,2013
2013-03-18,3.57,3.6,3.44,3.51,199100,3.51,53.1917345359,1,2013
2013-03-19,3.5,3.53,3.43,3.53,116000,3.53,53.9155562967,1,2013
2013-03-20,3.55,3.72,3.55,3.7,157900,3.7,59.629971038,1,2013
2013-03-21,3.65,3.69,3.6,3.61,124200,3.61,55.6927115121,1,2013
2013-03-22,3.67,3.69,3.57,3.59,65200,3.59,54.8263661089,1,2013
2013-03-25,3.57,3.68,3.55,3.64,106800,3.64,56.6422342102,1,2013
2013-03-26,3.69,3.82,3.61,3.71,42300,3.71,59.1197989621,1,2013
2013-03-27,3.75,3.8,3.72,3.77,89000,3.77,61.168059088,1,2013
2013-03-28,3.8,3.96,3.75,3.93,197600,3.93,66.0526813087,1,2013
2013-04-01,3.96,4.2,3.9,4.17,632200,4.17,71.7857411123,2,2013
2013-04-02,4.17,4.19,4.04,4.1,161700,4.1,68.1696169811,2,2013
2013-04-03,4.11,4.13,3.72,3.94,288800,3.94,60.6492782159,2,2013
2013-04-04,3.91,4.06,3.82,4.0,96000,4.0,62.3276390645,2,2013
2013-04-05,4.01,4.03,3.91,3.98,78900,3.98,61.3877474738,2,2013
2013-04-08,3.98,4.2,3.95,4.08,142900,4.08,64.2875685068,2,2013
2013-04-09,4.07,4.16,4.01,4.06,96800,4.06,63.2642308186,2,2013
2013-04-10,4.04,4.16,4.04,4.06,75200,4.06,63.2642308186,2,2013
2013-04-11,4.1,4.17,4.04,4.07,49700,4.07,63.6002236834,2,2013
2013-04-12,4.1,4.12,3.93,3.99,72200,3.99,58.9547065176,2,2013
2013-04-15,3.91,3.93,3.72,3.76,309200,3.76,48.0811257234,2,2013
2013-04-16,3.77,3.99,3.76,3.98,143600,3.98,56.3703735941,2,2013
2013-04-17,3.98,3.99,3.8,3.89,76200,3.89,52.6659208973,2,2013
2013-04-18,3.94,3.94,3.76,3.8,82600,3.8,49.1850273567,2,2013
2013-04-19,3.73,3.97,3.73,3.93,213200,3.93,53.922388994,2,2013
2013-04-22,3.94,4.05,3.94,4.02,163900,4.02,56.9169626307,2,2013
2013-04-23,4.0,4.03,3.95,3.98,118800,3.98,55.1999024445,2,2013
2013-04-24,4.01,4.03,3.95,4.0,73600,4.0,55.9160118324,2,2013
2013-04-25,4.0,4.09,3.74,3.95,330100,3.95,53.6089338741,2,2013
2013-04-26,3.94,3.99,3.81,3.99,169500,3.99,55.2013822646,2,2013
2013-04-29,4.04,4.04,3.74,3.8,319800,3.8,46.9561678741,2,2013
2013-04-30,3.85,3.85,3.65,3.74,185600,3.74,44.6862594564,2,2013
2013-05-01,3.63,3.7,3.46,3.48,340500,3.48,36.4609777587,2,2013
2013-05-02,3.45,3.63,3.45,3.62,208800,3.62,42.588884332,2,2013
2013-05-03,3.59,3.67,3.59,3.67,104500,3.67,44.6422973842,2,2013
2013-05-06,3.68,3.72,3.6,3.72,33200,3.72,46.6954867078,2,2013
2013-05-07,3.61,3.76,3.61,3.75,37300,3.75,47.9430584283,2,2013
2013-05-08,3.64,3.73,3.59,3.66,118200,3.66,44.5726976147,2,2013
2013-05-09,3.62,3.63,3.56,3.57,58000,3.57,41.4357279594,2,2013
2013-05-10,3.6,3.62,3.58,3.58,32900,3.58,41.9248016203,2,2013
2013-05-13,3.63,3.63,3.5,3.54,96700,3.54,40.4689790504,2,2013
2013-05-14,3.55,3.55,3.5,3.54,49100,3.54,40.4689790504,2,2013
2013-05-15,3.55,3.64,3.53,3.55,68400,3.55,41.0623680481,2,2013
2013-05-16,3.57,3.63,3.55,3.62,109000,3.62,45.1815028728,2,2013
2013-05-17,3.65,3.68,3.61,3.64,16900,3.64,46.3355320568,2,2013
2013-05-20,3.65,3.73,3.59,3.67,48500,3.67,48.1004684054,2,2013
2013-05-21,3.67,3.79,3.53,3.54,91300,3.54,41.7003411605,2,2013
2013-05-22,3.58,3.74,3.56,3.7,102800,3.7,50.4406404137,2,2013
2013-05-23,3.67,3.79,3.6,3.78,70400,3.78,54.1425426683,2,2013
2013-05-24,3.68,3.68,3.58,3.6,65600,3.6,45.8448552745,2,2013
2013-05-28,3.62,3.62,3.51,3.54,31100,3.54,43.454217465,2,2013
2013-05-29,3.5,3.54,3.46,3.5,76800,3.5,41.8860723808,2,2013
2013-05-30,3.5,3.56,3.48,3.55,92700,3.55,44.5784009284,2,2013
2013-05-31,3.57,3.57,3.46,3.56,108000,3.56,45.1259580827,2,2013
2013-06-03,3.51,3.59,3.45,3.49,167000,3.49,41.9979945464,2,2013
2013-06-04,3.54,3.58,3.47,3.5,207700,3.5,42.6100039348,2,2013
2013-06-05,3.53,3.53,3.49,3.53,67700,3.53,44.5019078096,2,2013
2013-06-06,3.47,3.59,3.47,3.57,73100,3.57,47.0102024598,2,2013
2013-06-07,3.52,3.62,3.52,3.59,82500,3.59,48.2691419811,2,2013
2013-06-10,3.59,3.83,3.54,3.83,150400,3.83,60.4210142811,2,2013
2013-06-11,3.8,4.1,3.8,4.05,219400,4.05,67.8714373476,2,2013
2013-06-12,4.09,4.09,3.77,4.01,119300,4.01,65.4587235907,2,2013
2013-06-13,4.0,4.06,3.97,4.06,58700,4.06,67.0361578755,2,2013
2013-06-14,4.01,4.01,3.98,3.99,37200,3.99,62.7178204864,2,2013
2013-06-17,4.01,4.19,3.98,4.11,175000,4.11,66.6803766293,2,2013
2013-06-18,4.13,4.15,3.82,4.08,72500,4.08,64.8253767871,2,2013
2013-06-19,4.02,4.02,3.91,3.99,75300,3.99,59.4794984732,2,2013
2013-06-20,3.99,3.99,3.73,3.78,136200,3.78,49.2697343537,2,2013
2013-06-21,3.78,3.99,3.78,3.98,97500,3.98,56.8639684899,2,2013
2013-06-24,3.9,4.0,3.68,3.98,143300,3.98,56.8639684899,2,2013
2013-06-25,4.0,4.04,3.92,3.96,194200,3.96,55.8935745016,2,2013
2013-06-26,4.03,4.05,3.91,3.98,75300,3.98,56.6895295047,2,2013
2013-06-27,3.97,4.03,3.9,4.03,128500,4.03,58.6963114425,2,2013
2013-06-28,4.0,4.13,3.91,3.98,4319300,3.98,55.9066259256,2,2013
2013-07-01,4.05,4.05,3.9,3.98,188900,3.98,55.9066259256,3,2013
2013-07-02,3.97,4.05,3.91,3.92,146600,3.92,52.4381220797,3,2013
2013-07-03,3.94,3.98,3.89,3.91,47500,3.91,51.8606246255,3,2013
2013-07-05,3.99,4.01,3.89,3.95,89900,3.95,54.0409373099,3,2013
2013-07-08,3.97,3.98,3.86,3.98,63200,3.98,55.6628664961,3,2013
2013-07-09,3.99,3.99,3.6,3.7,316900,3.7,41.0881832501,3,2013
2013-07-10,3.69,3.69,2.98,3.03,1360400,3.03,24.534099813,3,2013
2013-07-11,3.1,3.15,3.0,3.14,485300,3.14,29.5524035845,3,2013
2013-07-12,3.11,3.25,3.1,3.23,353500,3.23,33.4516271686,3,2013
2013-07-15,3.24,3.39,3.16,3.36,266000,3.36,38.7271506611,3,2013
2013-07-16,3.32,3.35,3.2,3.34,325100,3.34,38.2250993907,3,2013
2013-07-17,3.32,3.34,3.18,3.22,83000,3.22,35.2706163085,3,2013
2013-07-18,3.19,3.22,3.11,3.2,76000,3.2,34.7880068118,3,2013
2013-07-19,3.2,3.24,3.2,3.22,73900,3.22,35.7349895894,3,2013
2013-07-22,3.18,3.24,2.95,3.24,4987200,3.24,36.7245325459,3,2013
2013-07-23,3.26,3.41,3.23,3.39,243500,3.39,43.7234874144,3,2013
2013-07-24,3.42,3.42,3.2,3.37,243100,3.37,43.0399024076,3,2013
2013-07-25,3.35,3.35,3.17,3.35,110000,3.35,42.327242392,3,2013
2013-07-26,3.32,3.35,3.15,3.24,312600,3.24,38.5467667525,3,2013
2013-07-29,3.24,3.24,3.03,3.08,224000,3.08,33.8157214474,3,2013
2013-07-30,3.11,3.17,3.02,3.06,253100,3.06,33.2660974296,3,2013
2013-07-31,3.0,3.02,2.72,2.84,482700,2.84,27.8951270483,3,2013
2013-08-01,2.85,2.94,2.83,2.84,238000,2.84,27.8951270483,3,2013
2013-08-02,2.79,2.88,2.42,2.64,484100,2.64,23.8373709528,3,2013
2013-08-05,2.59,2.75,2.54,2.74,203900,2.74,29.3696448423,3,2013
2013-08-06,2.7,2.86,2.66,2.82,175600,2.82,33.5293841918,3,2013
2013-08-07,2.75,2.79,2.65,2.7,249800,2.7,30.6166041514,3,2013
2013-08-08,2.73,2.82,2.71,2.8,154800,2.8,35.6346828026,3,2013
2013-08-09,2.79,2.83,2.75,2.8,102600,2.8,35.6346828026,3,2013
2013-08-12,2.8,2.86,2.8,2.81,136200,2.81,36.1700793711,3,2013
2013-08-13,2.8,2.81,2.55,2.61,333700,2.61,30.674474714,3,2013
2013-08-14,2.6,2.64,2.33,2.37,246700,2.37,25.6400406244,3,2013
2013-08-15,2.33,2.33,2.12,2.27,204000,2.27,23.8812881721,3,2013
2013-08-16,2.39,2.39,2.07,2.18,171000,2.18,22.3925550516,3,2013
2013-08-19,2.2,2.2,2.05,2.1,125600,2.1,21.1315341362,3,2013
2013-08-20,2.1,2.52,2.1,2.49,266400,2.49,39.1282650368,3,2013
2013-08-21,2.45,2.45,2.25,2.25,139600,2.25,33.9883943137,3,2013
2013-08-22,2.25,2.31,2.2,2.31,57700,2.31,36.2432184855,3,2013
2013-08-23,2.3,2.35,2.2,2.32,84700,2.32,36.6317244644,3,2013
2013-08-26,2.34,2.35,2.19,2.22,134300,2.22,34.3758767021,3,2013
2013-08-27,2.24,2.24,2.08,2.1,404800,2.1,31.8418204991,3,2013
2013-08-28,2.12,2.3,2.1,2.14,84700,2.14,33.5989384322,3,2013
2013-08-29,2.16,2.26,2.13,2.19,57200,2.19,35.8260223623,3,2013
2013-08-30,2.18,2.23,2.15,2.16,90100,2.16,35.0660730462,3,2013
2013-09-03,2.2,2.33,2.16,2.32,180800,2.32,42.1180748469,3,2013
2013-09-04,2.3,2.5,2.3,2.42,204100,2.42,46.060913743,3,2013
2013-09-05,2.43,2.48,2.4,2.41,103900,2.41,45.7254782572,3,2013
2013-09-06,2.45,2.45,2.26,2.29,116200,2.29,41.7923411532,3,2013
2013-09-09,2.32,2.43,2.27,2.39,105300,2.39,45.9636315056,3,2013
2013-09-10,2.42,2.42,2.31,2.32,73600,2.32,43.60783621,3,2013
2013-09-11,2.32,2.36,2.3,2.3,108400,2.3,42.9308046966,3,2013
2013-09-12,2.31,2.49,2.25,2.45,154300,2.45,49.2897624267,3,2013
2013-09-13,2.46,2.51,2.45,2.5,124000,2.5,51.2401027489,3,2013
2013-09-16,2.52,2.71,2.5,2.7,287300,2.7,58.1702806037,3,2013
2013-09-17,2.71,2.77,2.65,2.76,89200,2.76,60.0067117506,3,2013
2013-09-18,2.76,2.87,2.66,2.75,96000,2.75,59.5375591181,3,2013
2013-09-19,2.77,2.82,2.61,2.64,84000,2.64,54.4907754875,3,2013
2013-09-20,2.66,2.75,2.52,2.6,113700,2.6,52.7400572869,3,2013
2013-09-23,2.58,2.69,2.5,2.54,72300,2.54,50.1378897672,3,2013
2013-09-24,2.55,2.64,2.54,2.58,85400,2.58,51.8437397356,3,2013
2013-09-25,2.59,2.77,2.57,2.73,90800,2.73,57.6894205873,3,2013
2013-09-26,2.85,3.16,2.8,3.0,542700,3.0,65.7490062127,3,2013
2013-09-27,3.0,3.03,2.92,3.02,199400,3.02,66.261676507,3,2013
2013-09-30,3.0,3.01,2.79,3.0,160200,3.0,65.2105201418,3,2013
2013-10-01,3.01,3.05,2.98,3.04,121900,3.04,66.3599339841,4,2013
2013-10-02,3.01,3.02,2.95,2.99,110400,2.99,63.5342032714,4,2013
2013-10-03,2.98,3.0,2.79,2.9,88300,2.9,58.6897551155,4,2013
2013-10-04,2.89,3.06,2.82,3.0,108300,3.0,62.1437120966,4,2013
2013-10-07,2.97,2.99,2.9,2.9,72700,2.9,57.0103972156,4,2013
2013-10-08,2.88,2.95,2.8,2.85,107500,2.85,54.5826149274,4,2013
2013-10-09,2.87,2.88,2.74,2.8,129200,2.8,52.1891841944,4,2013
2013-10-10,2.83,2.89,2.7,2.76,136700,2.76,50.2893436012,4,2013
2013-10-11,2.74,2.82,2.71,2.81,74600,2.81,52.6115654832,4,2013
2013-10-14,2.75,2.8,2.75,2.79,84700,2.79,51.5737325363,4,2013
2013-10-15,2.81,2.94,2.81,2.84,124900,2.84,54.0159169321,4,2013
2013-10-16,2.87,2.91,2.84,2.91,104000,2.91,57.2652299197,4,2013
2013-10-17,2.9,3.0,2.87,2.96,124300,2.96,59.4683344981,4,2013
2013-10-18,2.99,3.0,2.88,2.89,156000,2.89,55.1794547918,4,2013
2013-10-21,2.89,3.08,2.85,2.95,196700,2.95,57.9770357744,4,2013
2013-10-22,3.02,3.03,2.93,2.99,107200,2.99,59.7794196327,4,2013
2013-10-23,3.1,3.72,3.1,3.61,1673400,3.61,76.5606218984,4,2013
2013-10-24,3.78,4.15,3.71,3.83,1841800,3.83,79.7838360726,4,2013
2013-10-25,3.96,4.0,3.68,3.77,464200,3.77,76.6865896705,4,2013
2013-10-28,3.8,3.8,3.6,3.77,297600,3.77,76.6865896705,4,2013
2013-10-29,3.8,3.8,3.63,3.68,181100,3.68,71.8352772735,4,2013
2013-10-30,3.69,3.74,3.55,3.58,149700,3.58,66.7801793593,4,2013
2013-10-31,3.59,3.68,3.5,3.64,269200,3.64,68.2249979483,4,2013
2013-11-01,3.69,3.8,3.52,3.59,239200,3.59,65.6620833619,4,2013
2013-11-04,3.7,3.94,3.66,3.79,502000,3.79,70.444748131,4,2013
2013-11-05,3.79,3.84,3.7,3.77,184300,3.77,69.4037177184,4,2013
2013-11-06,3.82,3.85,3.73,3.77,85600,3.77,69.4037177184,4,2013
2013-11-07,3.82,3.84,3.71,3.77,138200,3.77,69.4037177184,4,2013
2013-11-08,3.77,3.84,3.7,3.82,140400,3.82,70.7532594768,4,2013
2013-11-11,3.81,3.84,3.7,3.74,126600,3.74,65.7557238678,4,2013
2013-11-12,3.74,3.75,3.54,3.58,204100,3.58,57.0730201916,4,2013
2013-11-13,3.57,3.75,3.43,3.68,254300,3.68,60.5768087804,4,2013
2013-11-14,3.69,3.73,3.62,3.67,568400,3.67,60.0489742036,4,2013
2013-11-15,3.7,3.8,3.63,3.8,185300,3.8,64.3926654354,4,2013
2013-11-18,3.94,3.94,3.74,3.76,584600,3.76,62.1534415651,4,2013
2013-11-19,3.67,3.86,3.65,3.72,126600,3.72,59.9098488563,4,2013
2013-11-20,3.78,3.78,3.58,3.63,284800,3.63,55.0911694655,4,2013
2013-11-21,3.61,3.66,3.55,3.63,242100,3.63,55.0911694655,4,2013
2013-11-22,3.64,3.64,3.54,3.55,257600,3.55,50.8729105125,4,2013
2013-11-25,3.55,3.63,3.45,3.5,341200,3.5,48.3795898928,4,2013
2013-11-26,3.49,3.53,3.42,3.48,122100,3.48,47.3793023057,4,2013
2013-11-27,3.46,3.53,3.35,3.52,254300,3.52,49.6227296444,4,2013
2013-11-29,3.54,3.57,3.43,3.5,68300,3.5,48.5091187309,4,2013
2013-12-02,3.51,3.74,3.45,3.65,239400,3.65,56.4101556818,4,2013
2013-12-03,3.66,3.71,3.55,3.69,376800,3.69,58.2499293487,4,2013
2013-12-04,3.66,3.69,3.57,3.62,88100,3.62,53.9579533849,4,2013
2013-12-05,3.57,3.67,3.52,3.65,146700,3.65,55.4722148473,4,2013
2013-12-06,3.67,3.7,3.61,3.66,117000,3.66,55.9917840982,4,2013
2013-12-09,3.66,3.75,3.6,3.65,139100,3.65,55.2969230033,4,2013
2013-12-10,3.64,3.74,3.63,3.65,94300,3.65,55.2969230033,4,2013
2013-12-11,3.68,3.72,3.64,3.7,228500,3.7,58.297953635,4,2013
2013-12-12,3.67,3.7,3.63,3.67,128000,3.67,55.8742439181,4,2013
2013-12-13,3.67,3.68,3.55,3.59,100900,3.59,49.9147471989,4,2013
2013-12-16,3.56,3.65,3.56,3.64,144200,3.64,53.2695182345,4,2013
2013-12-17,3.65,3.78,3.58,3.62,636200,3.62,51.7756133687,4,2013
2013-12-18,3.62,3.65,3.5,3.58,117800,3.58,48.8263528498,4,2013
2013-12-19,3.57,3.58,3.51,3.55,107900,3.55,46.6787543619,4,2013
2013-12-20,3.57,3.85,3.51,3.83,531700,3.83,63.0252721215,4,2013
2013-12-23,3.84,3.84,3.69,3.76,63500,3.76,58.2199604379,4,2013
2013-12-24,3.75,3.82,3.56,3.6,72900,3.6,49.0199856254,4,2013
2013-12-26,3.61,3.7,3.53,3.54,114500,3.54,46.0793766473,4,2013
2013-12-27,3.56,3.77,3.5,3.66,171600,3.66,52.2490326793,4,2013
2013-12-30,3.75,3.81,3.67,3.71,228400,3.71,54.5809724077,4,2013
2013-12-31,3.74,3.75,3.61,3.62,185000,3.62,49.8608623856,4,2013
2014-01-02,3.62,3.72,3.56,3.69,68900,3.69,53.2474067705,1,2014
2014-01-03,3.69,3.76,3.6,3.73,97200,3.73,55.1131244345,1,2014
2014-01-06,3.7,3.75,3.6,3.63,192100,3.63,49.7662517559,1,2014
2014-01-07,3.61,3.76,3.61,3.66,139100,3.66,51.2929137646,1,2014
2014-01-08,3.79,4.15,3.75,3.98,1290200,3.98,63.8968418012,1,2014
2014-01-09,3.95,4.19,3.94,4.12,752100,4.12,67.8202151838,1,2014
2014-01-10,4.13,4.49,4.12,4.37,956100,4.37,73.3827663657,1,2014
2014-01-13,4.49,4.69,4.3,4.39,698100,4.39,73.7733449783,1,2014
2014-01-14,4.41,4.58,4.37,4.51,336900,4.51,76.0446907711,1,2014
2014-01-15,4.54,4.55,4.3,4.36,240600,4.36,68.1048287592,1,2014
2014-01-16,4.34,4.54,4.22,4.48,327600,4.48,70.7371303139,1,2014
2014-01-17,4.47,4.48,4.29,4.31,202600,4.31,62.8265835112,1,2014
2014-01-21,4.3,4.37,4.26,4.33,202300,4.33,63.3459180083,1,2014
2014-01-22,4.35,4.37,4.26,4.3,184900,4.3,61.9478859611,1,2014
2014-01-23,4.3,4.32,4.15,4.28,234600,4.28,60.9816327174,1,2014
2014-01-24,4.22,4.24,3.82,3.87,475200,3.87,45.3613473216,1,2014
2014-01-27,3.85,3.91,3.56,3.9,417000,3.9,46.4423664466,1,2014
2014-01-28,3.89,4.1,3.74,4.08,353000,4.08,52.5131245007,1,2014
2014-01-29,4.03,4.1,3.82,4.01,263800,4.01,50.1332313368,1,2014
2014-01-30,4.14,4.47,4.11,4.3,615700,4.3,58.520294404,1,2014
2014-01-31,4.2,4.25,3.97,4.0,388800,4.0,49.285525832,1,2014
2014-02-03,3.97,3.99,3.76,3.84,380400,3.84,45.1896921938,1,2014
2014-02-04,3.86,3.89,3.6,3.65,258700,3.65,40.8484248616,1,2014
2014-02-05,3.69,3.85,3.65,3.75,258400,3.75,43.9029803438,1,2014
2014-02-06,3.76,3.84,3.67,3.7,242300,3.7,42.7152460288,1,2014
2014-02-07,3.74,3.87,3.65,3.74,195700,3.74,44.0200124418,1,2014
2014-02-10,3.75,3.79,3.71,3.76,119900,3.76,44.6982583975,1,2014
2014-02-11,3.77,3.91,3.7,3.76,184500,3.76,44.6982583975,1,2014
2014-02-12,3.79,3.79,3.63,3.66,194700,3.66,41.7640156735,1,2014
2014-02-13,3.64,3.72,3.6,3.7,198100,3.7,43.3655304369,1,2014
2014-02-14,3.99,4.03,3.71,3.74,380000,3.74,44.9945632301,1,2014
2014-02-18,3.72,3.88,3.65,3.86,481600,3.86,49.671573074,1,2014
2014-02-19,3.8,3.88,3.17,3.27,1386800,3.27,34.2512238434,1,2014
2014-02-20,3.36,3.48,3.3,3.45,544500,3.45,40.3367531215,1,2014
2014-02-21,3.52,3.52,3.23,3.32,563900,3.32,37.6279538953,1,2014
2014-02-24,3.35,3.48,3.28,3.4,533100,3.4,40.2855362659,1,2014
2014-02-25,3.36,3.45,3.3,3.37,548900,3.37,39.6040574258,1,2014
2014-02-26,3.36,3.47,3.25,3.39,309900,3.39,40.3287631482,1,2014
2014-02-27,3.36,3.53,3.33,3.5,169500,3.5,44.2883282729,1,2014
2014-02-28,3.52,3.68,3.45,3.58,299600,3.58,47.0406974924,1,2014
2014-03-03,3.5,3.74,3.45,3.71,300400,3.71,51.2550260696,1,2014
2014-03-04,3.76,3.81,3.71,3.74,250000,3.74,52.2003346038,1,2014
2014-03-05,3.75,3.75,3.62,3.7,91100,3.7,50.7861299064,1,2014
2014-03-06,3.7,3.71,3.49,3.53,140200,3.53,45.1834938477,1,2014
2014-03-07,3.53,3.64,3.4,3.44,90200,3.44,42.5097829175,1,2014
2014-03-10,3.44,3.52,3.4,3.5,78200,3.5,44.8526762018,1,2014
2014-03-11,3.49,3.53,3.4,3.42,86200,3.42,42.3731282771,1,2014
2014-03-12,3.4,3.46,3.28,3.34,100000,3.34,39.9922113221,1,2014
2014-03-13,3.37,3.42,3.3,3.39,98600,3.39,42.1789864267,1,2014
2014-03-14,3.37,3.51,3.26,3.31,136800,3.31,39.6869796853,1,2014
2014-03-17,3.36,3.44,3.31,3.43,158500,3.43,44.9417243922,1,2014
2014-03-18,3.45,3.54,3.35,3.51,134700,3.51,48.1829316779,1,2014
2014-03-19,3.52,3.7,3.5,3.57,272500,3.57,50.5348874433,1,2014
2014-03-20,3.58,3.67,3.56,3.62,130200,3.62,52.470947844,1,2014
2014-03-21,3.65,3.65,3.51,3.63,197500,3.63,52.868274697,1,2014
2014-03-24,3.63,3.65,3.5,3.59,190400,3.59,51.0306184704,1,2014
2014-03-25,3.63,3.7,3.47,3.49,172700,3.49,46.6637191968,1,2014
2014-03-26,3.54,3.6,3.43,3.5,143600,3.5,47.1507604729,1,2014
2014-03-27,3.49,3.56,3.4,3.45,96000,3.45,44.9410229937,1,2014
2014-03-28,3.44,3.55,3.34,3.46,120900,3.46,45.4912386856,1,2014
2014-03-31,3.46,3.54,3.42,3.47,142900,3.47,46.0716113667,1,2014
2014-04-01,3.53,3.65,3.47,3.63,175000,3.63,54.4316554231,2,2014
2014-04-02,3.65,3.8,3.59,3.68,511200,3.68,56.6911063677,2,2014
2014-04-03,3.71,3.71,3.58,3.62,175400,3.62,53.2772341218,2,2014
2014-04-04,3.67,3.67,3.46,3.48,180000,3.48,46.2749495724,2,2014
2014-04-07,3.48,3.48,3.33,3.34,241100,3.34,40.5372587193,2,2014
2014-04-08,3.33,3.46,3.33,3.35,264500,3.35,41.0990437769,2,2014
2014-04-09,3.38,3.46,3.3,3.42,231500,3.42,45.015121057,2,2014
2014-04-10,3.4,3.41,3.25,3.3,346900,3.3,40.0938775246,2,2014
2014-04-11,3.26,3.31,3.2,3.2,155000,3.2,36.5116637831,2,2014
2014-04-14,3.26,3.26,3.0,3.05,344900,3.05,31.9066532199,2,2014
2014-04-15,3.06,3.18,2.95,3.15,199700,3.15,37.5605932721,2,2014
2014-04-16,3.26,3.26,3.07,3.11,115200,3.11,36.2635296849,2,2014
2014-04-17,3.09,3.21,3.03,3.15,82900,3.15,38.5488319482,2,2014
2014-04-21,3.15,3.27,3.07,3.25,169800,3.25,43.9587211458,2,2014
2014-04-22,3.25,3.45,3.23,3.45,274300,3.45,52.8912510353,2,2014
2014-04-23,3.6,3.6,3.36,3.38,304600,3.38,49.893711108,2,2014
2014-04-24,3.38,3.55,3.29,3.41,134600,3.41,51.1709361738,2,2014
2014-04-25,3.38,3.42,3.2,3.35,270800,3.35,48.5077530389,2,2014
2014-04-28,3.31,3.45,3.21,3.38,206600,3.38,49.9114420049,2,2014
2014-04-29,3.41,3.44,3.25,3.39,109200,3.39,50.3968442474,2,2014
2014-04-30,3.38,3.45,3.25,3.31,155500,3.31,46.5134088171,2,2014
2014-05-01,3.29,3.33,3.17,3.23,270500,3.23,42.9492805696,2,2014
2014-05-02,3.23,3.27,3.2,3.26,93500,3.26,44.6617258991,2,2014
2014-05-05,3.25,3.26,3.19,3.21,100800,3.21,42.3785712279,2,2014
2014-05-06,3.2,3.25,3.13,3.13,127300,3.13,38.9478314384,2,2014
2014-05-07,3.12,3.14,3.03,3.11,137100,3.11,38.1170525125,2,2014
2014-05-08,3.13,3.23,3.03,3.03,133600,3.03,34.9093869168,2,2014
2014-05-09,3.1,3.11,2.98,3.04,141500,3.04,35.6384929247,2,2014
2014-05-12,3.19,3.29,3.15,3.26,236300,3.26,49.1368996014,2,2014
2014-05-13,3.3,3.41,3.25,3.31,227200,3.31,51.6203257531,2,2014
2014-05-14,3.36,3.36,3.2,3.25,243600,3.25,48.5565155106,2,2014
2014-05-15,3.19,3.37,3.17,3.37,155200,3.37,54.3874737157,2,2014
2014-05-16,3.39,3.53,3.31,3.53,156900,3.53,60.7720057948,2,2014
2014-05-19,3.52,3.7,3.49,3.63,226600,3.63,64.1495728655,2,2014
2014-05-20,3.6,3.6,3.4,3.5,141400,3.5,57.2487351991,2,2014
2014-05-21,3.54,3.55,3.4,3.53,90400,3.53,58.3619051596,2,2014
2014-05-22,3.56,3.57,3.44,3.54,223700,3.54,58.7474955999,2,2014
2014-05-23,3.55,3.56,3.43,3.47,101800,3.47,54.9139484991,2,2014
2014-05-27,3.5,3.59,3.43,3.54,84400,3.54,57.8742998696,2,2014
2014-05-28,3.55,3.55,3.33,3.34,160200,3.34,48.1471001518,2,2014
2014-05-29,3.35,3.46,3.32,3.45,164600,3.45,52.8417886377,2,2014
2014-05-30,3.43,3.45,3.38,3.39,93300,3.39,50.1733916639,2,2014
2014-06-02,3.38,3.42,3.22,3.28,170500,3.28,45.6245802704,2,2014
2014-06-03,3.25,3.27,3.12,3.21,145400,3.21,42.9556640236,2,2014
2014-06-04,3.18,3.22,3.13,3.2,82000,3.2,42.5725287354,2,2014
2014-06-05,3.19,3.3,3.13,3.27,91500,3.27,46.1905646628,2,2014
2014-06-06,3.3,3.41,3.21,3.4,119400,3.4,52.212024697,2,2014
2014-06-09,3.41,3.55,3.39,3.51,209600,3.51,56.6340964877,2,2014
2014-06-10,3.5,3.52,3.41,3.52,120900,3.52,57.0234381024,2,2014
2014-06-11,3.52,3.52,3.44,3.51,97500,3.51,56.4773765183,2,2014
2014-06-12,3.5,3.52,3.41,3.45,235600,3.45,53.1864002018,2,2014
2014-06-13,3.45,3.45,3.29,3.31,223100,3.31,46.3933142501,2,2014
2014-06-16,3.32,3.37,3.2,3.26,420000,3.26,44.2210044205,2,2014
2014-06-17,3.28,3.28,3.11,3.12,253800,3.12,38.7498484954,2,2014
2014-06-18,3.14,3.21,3.11,3.17,165700,3.17,41.5320893039,2,2014
2014-06-19,3.2,3.2,3.11,3.12,122900,3.12,39.5951575976,2,2014
2014-06-20,3.14,3.16,3.01,3.03,355200,3.03,36.3123732681,2,2014
2014-06-23,3.28,3.65,3.24,3.33,928300,3.33,50.9197043941,2,2014
2014-06-24,3.31,3.52,3.19,3.2,458200,3.2,45.9965050244,2,2014
2014-06-25,3.17,3.3,3.16,3.18,379700,3.18,45.2713081556,2,2014
2014-06-26,3.33,3.33,3.16,3.19,291500,3.19,45.7320200557,2,2014
2014-06-27,3.29,3.34,3.16,3.3,4021400,3.3,50.6530091842,2,2014
2014-06-30,3.26,3.35,3.19,3.32,219900,3.32,51.5138998478,2,2014
2014-07-01,3.36,3.58,3.34,3.56,372800,3.56,60.434095015,3,2014
2014-07-02,3.6,3.8,3.54,3.69,374500,3.69,64.2687165937,3,2014
2014-07-03,3.72,3.76,3.59,3.63,109600,3.63,61.3150525616,3,2014
2014-07-07,3.75,4.17,3.68,4.06,1324900,4.06,71.443938219,3,2014
2014-07-08,4.0,4.25,3.96,4.2,982200,4.2,73.8450775294,3,2014
2014-07-09,4.19,4.39,4.09,4.17,481900,4.17,72.4394441663,3,2014
2014-07-10,4.12,4.32,3.97,4.3,522700,4.3,74.687905246,3,2014
2014-07-11,4.28,4.34,4.18,4.21,325900,4.21,70.405499372,3,2014
2014-07-14,4.23,4.8,4.23,4.71,987900,4.71,77.9646069595,3,2014
2014-07-15,4.66,4.79,4.63,4.69,641900,4.69,77.1161119152,3,2014
2014-07-16,4.7,4.82,4.37,4.38,670900,4.38,65.2606242847,3,2014
2014-07-17,4.38,5.55,4.38,5.26,7055200,5.26,76.3674602089,3,2014
2014-07-18,5.02,5.77,4.89,5.44,2874200,5.44,77.9223369388,3,2014
2014-07-21,5.41,5.58,5.2,5.24,1057600,5.24,72.2354071661,3,2014
2014-07-22,5.15,5.36,5.07,5.2,586700,5.2,71.117496663,3,2014
2014-07-23,5.2,5.28,5.06,5.2,453900,5.2,71.117496663,3,2014
2014-07-24,5.21,5.28,5.08,5.18,316600,5.18,70.4849498419,3,2014
2014-07-25,5.18,5.42,5.13,5.39,400400,5.39,73.1821555287,3,2014
2014-07-28,5.42,5.52,5.22,5.5,334400,5.5,74.496843101,3,2014
2014-07-29,5.5,5.58,5.43,5.53,389500,5.53,74.8588337589,3,2014
2014-07-30,5.5,5.6,5.3,5.34,421000,5.34,68.2514111571,3,2014
2014-07-31,5.26,5.42,5.12,5.18,280100,5.18,63.1930545735,3,2014
2014-08-01,5.17,5.34,5.08,5.19,249200,5.19,63.3757514947,3,2014
2014-08-04,5.28,5.28,4.83,5.19,434300,5.19,63.3757514947,3,2014
2014-08-05,5.11,5.24,4.98,5.1,254600,5.1,60.2539939684,3,2014
2014-08-06,5.09,5.23,5.01,5.15,145200,5.15,61.3917988452,3,2014
2014-08-07,5.2,5.28,5.08,5.16,118400,5.16,61.6283902672,3,2014
2014-08-08,5.2,5.22,4.96,5.01,211100,5.01,56.0772514393,3,2014
2014-08-11,5.0,5.19,4.98,5.17,455300,5.17,60.1957946741,3,2014
2014-08-12,5.16,5.2,4.89,4.97,215500,4.97,53.4491254218,3,2014
2014-08-13,4.98,4.98,4.84,4.88,225300,4.88,50.6955901264,3,2014
2014-08-14,4.84,4.94,4.69,4.88,266500,4.88,50.6955901264,3,2014
2014-08-15,4.77,5.28,4.75,5.23,2790900,5.23,59.9915922419,3,2014
2014-08-18,5.22,5.35,5.05,5.21,538700,5.21,59.303514491,3,2014
2014-08-19,5.17,5.34,5.11,5.25,662400,5.25,60.2846306116,3,2014
2014-08-20,5.19,5.28,5.09,5.2,200000,5.2,58.3896952056,3,2014
2014-08-21,5.28,5.44,5.15,5.38,363000,5.38,62.9096669832,3,2014
2014-08-22,5.43,5.43,5.25,5.3,172400,5.3,59.8005152481,3,2014
2014-08-25,5.28,5.54,5.28,5.42,321200,5.42,62.7726126094,3,2014
2014-08-26,5.51,5.51,5.34,5.42,214900,5.42,62.7726126094,3,2014
2014-08-27,5.54,5.54,5.34,5.45,328500,5.45,63.5538862065,3,2014
2014-08-28,5.45,5.5,5.42,5.45,149600,5.45,63.5538862065,3,2014
2014-08-29,5.45,5.49,5.29,5.33,308200,5.33,57.9153824303,3,2014
2014-09-02,5.31,5.43,5.1,5.39,298300,5.39,59.8341965687,3,2014
2014-09-03,5.44,5.5,5.35,5.5,240400,5.5,63.1512915929,3,2014
2014-09-04,5.5,5.64,5.45,5.6,552800,5.6,65.9077363374,3,2014
2014-09-05,5.55,5.65,5.11,5.47,792500,5.47,59.6597966887,3,2014
2014-09-08,5.45,5.54,5.38,5.46,145300,5.46,59.1949322878,3,2014
2014-09-09,5.44,5.56,5.44,5.51,321200,5.51,60.8380312619,3,2014
2014-09-10,5.48,6.1,5.43,5.86,1039300,5.86,69.9574818931,3,2014
2014-09-11,5.87,5.94,5.77,5.82,277200,5.82,68.0083421422,3,2014
2014-09-12,5.86,6.06,5.72,5.99,478100,5.99,71.6265578087,3,2014
2014-09-15,5.95,5.95,5.49,5.62,409100,5.62,56.6177063097,3,2014
2014-09-16,5.57,5.61,5.36,5.48,241100,5.48,52.16368171,3,2014
2014-09-17,5.54,5.65,5.35,5.41,356700,5.41,50.043829597,3,2014
2014-09-18,5.43,5.52,5.35,5.45,202800,5.45,51.2626668622,3,2014
2014-09-19,5.45,5.65,5.38,5.57,292400,5.57,54.8236784713,3,2014
2014-09-22,5.49,5.57,5.26,5.44,230400,5.44,50.5174246907,3,2014
2014-09-23,5.49,5.56,5.35,5.42,224100,5.42,49.8684486942,3,2014
2014-09-24,5.45,5.48,5.34,5.48,95300,5.48,51.8662092538,3,2014
2014-09-25,5.5,5.5,5.16,5.25,176000,5.25,44.5390662479,3,2014
2014-09-26,5.29,5.31,5.12,5.25,142000,5.25,44.5390662479,3,2014
2014-09-29,5.25,5.35,5.04,5.17,139900,5.17,42.1377308515,3,2014
2014-09-30,5.12,5.3,5.01,5.21,378500,5.21,43.7701560156,3,2014
2014-10-01,5.17,5.21,4.91,5.14,507700,5.14,41.560419587,4,2014
2014-10-02,5.11,5.22,5.0,5.06,200500,5.06,39.1291167554,4,2014
2014-10-03,5.11,5.15,4.99,5.08,173300,5.08,40.0729745057,4,2014
2014-10-06,5.06,5.11,4.96,5.0,211800,5.0,37.5639068476,4,2014
2014-10-07,5.01,5.04,4.91,4.91,144900,4.91,34.9153210955,4,2014
2014-10-08,4.88,4.99,4.65,4.8,145500,4.8,31.9501419647,4,2014
2014-10-09,4.8,4.84,4.51,4.69,238200,4.69,29.272912972,4,2014
2014-10-10,4.63,4.93,4.53,4.79,161400,4.79,34.6351840857,4,2014
2014-10-13,4.79,4.88,4.55,4.61,176200,4.61,30.1971900245,4,2014
2014-10-14,4.66,4.73,4.31,4.7,352000,4.7,34.7024590623,4,2014
2014-10-15,4.7,4.77,4.55,4.74,151600,4.74,36.6592008873,4,2014
2014-10-16,4.68,5.14,4.68,4.89,236400,4.89,43.4971098656,4,2014
2014-10-17,4.94,5.14,4.87,4.97,180500,4.97,46.7959972911,4,2014
2014-10-20,5.0,5.05,4.71,4.74,101000,4.74,39.6318611117,4,2014
2014-10-21,4.72,4.84,4.6,4.7,259800,4.7,38.5271744173,4,2014
2014-10-22,4.68,4.9,4.68,4.83,227800,4.83,43.9912715762,4,2014
2014-10-23,4.81,4.96,4.77,4.95,193200,4.95,48.5384373174,4,2014
2014-10-24,4.98,4.98,4.8,4.91,128000,4.91,47.1638948493,4,2014
2014-10-27,4.91,4.92,4.76,4.85,102400,4.85,45.1007392852,4,2014
2014-10-28,4.9,5.12,4.81,5.11,242300,5.11,54.4079262902,4,2014
2014-10-29,5.1,5.39,5.01,5.33,282100,5.33,60.5087301038,4,2014
2014-10-30,5.49,5.64,5.29,5.48,847100,5.48,64.0417754758,4,2014
2014-10-31,5.49,5.81,5.41,5.65,496300,5.65,67.5816022336,4,2014
2014-11-03,5.59,5.59,4.79,4.8,881600,4.8,44.1687767715,4,2014
2014-11-04,4.86,4.87,4.52,4.64,1119800,4.64,41.2704316673,4,2014
2014-11-05,4.78,4.94,4.66,4.79,517800,4.79,44.9195517038,4,2014
2014-11-06,4.76,4.93,4.76,4.85,294200,4.85,46.3553789727,4,2014
2014-11-07,4.9,4.95,4.83,4.83,257900,4.83,45.9256217307,4,2014
2014-11-10,4.86,4.96,4.82,4.87,126400,4.87,46.9842480152,4,2014
2014-11-11,4.86,4.91,4.85,4.85,132000,4.85,46.4941263311,4,2014
2014-11-12,4.85,4.97,4.78,4.94,305800,4.94,49.0688595423,4,2014
2014-11-13,4.92,5.1,4.79,4.81,268500,4.81,45.6516414355,4,2014
2014-11-14,4.79,4.83,4.65,4.68,179700,4.68,42.466710361,4,2014
2014-11-17,4.72,4.74,4.54,4.6,236600,4.6,40.5900133889,4,2014
2014-11-18,4.58,4.72,4.53,4.61,135900,4.61,40.9413502711,4,2014
2014-11-19,4.6,4.61,4.52,4.56,153500,4.56,39.6778732103,4,2014
2014-11-20,4.55,4.59,4.46,4.49,281100,4.49,37.9138053225,4,2014
2014-11-21,4.5,4.54,4.34,4.36,384100,4.36,34.8178227013,4,2014
2014-11-24,4.36,4.5,4.36,4.42,98000,4.42,37.3602229545,4,2014
2014-11-25,4.4,4.45,4.31,4.31,271800,4.31,34.6888696714,4,2014
2014-11-26,4.33,4.45,4.01,4.36,243800,4.36,36.8975363801,4,2014
2014-11-28,4.35,4.35,4.17,4.24,286200,4.24,33.9317167014,4,2014
2014-12-01,4.2,4.3,4.17,4.19,218600,4.19,32.750475926,4,2014
2014-12-02,4.12,4.38,4.1,4.27,243900,4.27,36.5561103323,4,2014
2014-12-03,4.25,4.37,4.17,4.25,234900,4.25,36.0075105408,4,2014
2014-12-04,4.26,4.58,4.25,4.49,198900,4.49,46.4021405144,4,2014
2014-12-05,4.47,4.49,4.17,4.21,184900,4.21,38.5372569106,4,2014
2014-12-08,4.17,4.31,4.01,4.02,207200,4.02,34.2900566377,4,2014
2014-12-09,3.96,4.45,3.96,4.45,149600,4.45,48.2031785282,4,2014
2014-12-10,4.41,4.41,4.05,4.1,127200,4.1,40.6572048327,4,2014
2014-12-11,4.13,4.42,4.13,4.25,160900,4.25,44.6559046366,4,2014
2014-12-12,4.25,4.47,4.2,4.33,134700,4.33,46.718027366,4,2014
2014-12-15,4.33,4.42,4.06,4.09,147100,4.09,41.698430257,4,2014
2014-12-16,4.1,4.15,4.04,4.13,247700,4.13,42.8014986654,4,2014
2014-12-17,4.12,4.24,4.09,4.11,208800,4.11,42.3698466446,4,2014
2014-12-18,4.15,4.27,4.15,4.18,569000,4.18,44.4802947713,4,2014
2014-12-19,4.2,4.25,4.16,4.16,191000,4.16,43.9846814209,4,2014
2014-12-22,4.17,4.25,4.17,4.2,150500,4.2,45.2974777992,4,2014
2014-12-23,4.19,4.2,4.04,4.13,135400,4.13,43.381384298,4,2014
2014-12-24,4.15,4.15,3.96,4.03,570600,4.03,40.7307390303,4,2014
2014-12-26,4.12,4.15,4.09,4.15,164400,4.15,45.0682220684,4,2014
2014-12-29,4.16,4.16,4.09,4.09,89100,4.09,43.3595915937,4,2014
2014-12-30,4.07,4.23,4.0,4.14,154500,4.14,45.2232961009,4,2014
2014-12-31,4.17,4.25,4.09,4.17,128800,4.17,46.3636658826,4,2014
2015-01-02,4.1,4.15,4.05,4.09,144100,4.09,43.7481184529,1,2015
2015-01-05,4.09,4.25,4.05,4.19,251100,4.19,47.7184602719,1,2015
2015-01-06,4.17,4.2,4.05,4.11,114600,4.11,44.9830978544,1,2015
2015-01-07,4.09,4.19,4.04,4.15,176400,4.15,46.6304140748,1,2015
2015-01-08,4.16,4.23,4.16,4.23,319300,4.23,49.8637258051,1,2015
2015-01-09,4.23,4.33,4.17,4.22,207900,4.22,49.4603538869,1,2015
2015-01-12,4.25,4.25,4.15,4.2,156700,4.2,48.6133389583,1,2015
2015-01-13,4.18,4.22,4.14,4.2,310400,4.2,48.6133389583,1,2015
2015-01-14,4.15,4.2,4.12,4.12,92700,4.12,45.0355198157,1,2015
2015-01-15,4.15,4.16,4.02,4.05,136100,4.05,42.1147967672,1,2015
2015-01-16,4.02,4.09,4.02,4.02,170300,4.02,40.8908316533,1,2015
2015-01-20,4.0,4.02,3.68,3.75,531700,3.75,31.9039991378,1,2015
2015-01-21,3.8,3.82,3.54,3.56,361000,3.56,27.3489246852,1,2015
2015-01-22,3.59,3.66,3.33,3.58,313800,3.58,28.5060508664,1,2015
2015-01-23,4.35,4.35,3.83,3.88,1385000,3.88,43.1362466549,1,2015
2015-01-26,3.95,3.95,3.81,3.89,491200,3.89,43.5509152872,1,2015
2015-01-27,3.8,3.95,3.77,3.93,213200,3.93,45.270147786,1,2015
2015-01-28,3.98,3.98,3.83,3.92,268100,3.92,44.901961412,1,2015
2015-01-29,3.96,4.05,3.76,3.97,322000,3.97,47.2136642347,1,2015
2015-01-30,3.98,4.09,3.89,4.03,192700,4.03,49.9285523812,1,2015
2015-02-02,4.03,4.03,3.88,3.96,128600,3.96,46.898036536,1,2015
2015-02-03,3.95,4.1,3.9,4.01,160300,4.01,49.266772866,1,2015
2015-02-04,4.04,4.11,3.97,4.07,154000,4.07,52.0319570902,1,2015
2015-02-05,4.08,4.1,3.98,4.08,156000,4.08,52.4966745909,1,2015
2015-02-06,4.05,4.1,3.99,4.1,95100,4.1,53.4676466319,1,2015
2015-02-09,4.1,4.1,4.0,4.04,61200,4.04,50.1555167484,1,2015
2015-02-10,4.08,4.11,3.93,4.1,122700,4.1,53.2727627559,1,2015
2015-02-11,4.12,4.12,4.0,4.1,83600,4.1,53.2727627559,1,2015
2015-02-12,4.09,4.1,4.01,4.1,84100,4.1,53.2727627559,1,2015
2015-02-13,4.07,4.1,4.0,4.1,135300,4.1,53.2727627559,1,2015
2015-02-17,4.11,4.13,4.08,4.11,285700,4.11,53.9188112764,1,2015
2015-02-18,4.15,4.3,4.13,4.29,152400,4.29,63.6586767308,1,2015
2015-02-19,4.26,4.4,4.18,4.4,182000,4.4,68.0965221988,1,2015
2015-02-20,4.43,4.48,4.29,4.44,178200,4.44,69.5525649955,1,2015
2015-02-23,4.42,4.49,4.29,4.38,227500,4.38,64.7769167899,1,2015
2015-02-24,4.49,4.83,4.41,4.53,489800,4.53,70.2723768464,1,2015
2015-02-25,4.51,4.57,4.34,4.4,362900,4.4,61.3401759769,1,2015
2015-02-26,4.42,4.42,4.37,4.41,224200,4.41,61.7430098373,1,2015
2015-02-27,4.42,4.59,4.39,4.54,235900,4.54,66.6134251672,1,2015
2015-03-02,4.51,4.6,4.5,4.55,175100,4.55,66.9618525007,1,2015
2015-03-03,4.51,4.61,4.48,4.61,179900,4.61,69.0489902205,1,2015
2015-03-04,4.55,4.73,4.49,4.72,194200,4.72,72.4813208928,1,2015
2015-03-05,4.69,5.0,4.67,4.96,291100,4.96,78.1695826933,1,2015
2015-03-06,4.95,4.95,4.79,4.91,151500,4.91,74.7050443944,1,2015
2015-03-09,4.88,4.88,4.64,4.73,133600,4.73,63.7508436883,1,2015
2015-03-10,4.68,4.74,4.55,4.65,222800,4.65,59.5700305798,1,2015
2015-03-11,4.64,4.84,4.58,4.81,122700,4.81,64.5739693862,1,2015
2015-03-12,4.82,4.87,4.72,4.73,118100,4.73,60.5393635205,1,2015
2015-03-13,4.74,4.76,4.43,4.61,284000,4.61,54.9893021805,1,2015
2015-03-16,4.63,4.68,4.55,4.6,138100,4.6,54.5405742773,1,2015
2015-03-17,4.61,4.83,4.6,4.74,133400,4.74,59.5208049061,1,2015
2015-03-18,4.72,4.81,4.63,4.75,146700,4.75,59.85907958,1,2015
2015-03-19,4.75,4.97,4.72,4.94,230500,4.94,65.7205865102,1,2015
2015-03-20,4.94,5.0,4.82,4.96,215100,4.96,66.2787819547,1,2015
2015-03-23,4.97,5.04,4.92,4.98,351300,4.98,66.8599355608,1,2015
2015-03-24,5.0,5.02,4.84,4.93,170700,4.93,63.8952349223,1,2015
2015-03-25,5.0,5.01,4.84,4.87,200900,4.87,60.4322576466,1,2015
2015-03-26,4.85,4.85,4.67,4.72,192500,4.72,52.7370290971,1,2015
2015-03-27,4.71,4.8,4.7,4.72,107400,4.72,52.7370290971,1,2015
2015-03-30,4.78,4.87,4.65,4.8,82400,4.8,56.1877980315,1,2015
2015-03-31,4.8,4.8,4.61,4.67,138500,4.67,49.8219842388,1,2015
2015-04-01,4.69,4.81,4.62,4.81,133100,4.81,55.6494566934,2,2015
2015-04-02,4.79,4.81,4.66,4.79,92200,4.79,54.6726171035,2,2015
2015-04-06,4.81,4.84,4.68,4.69,69000,4.69,49.9512936773,2,2015
2015-04-07,4.65,4.9,4.65,4.86,97800,4.86,56.7837188699,2,2015
2015-04-08,4.9,4.99,4.8,4.95,102400,4.95,59.9044508175,2,2015
2015-04-09,4.92,5.04,4.88,5.04,188100,5.04,62.7975622221,2,2015
2015-04-10,5.04,5.25,4.95,5.25,267300,5.25,68.5075692489,2,2015
2015-04-13,5.25,5.25,4.95,4.97,210800,4.97,56.1358754265,2,2015
2015-04-14,4.99,5.02,4.81,4.81,156000,4.81,50.5213600784,2,2015
2015-04-15,4.85,4.85,4.78,4.82,192800,4.82,50.8522171376,2,2015
2015-04-16,4.79,4.86,4.78,4.82,80200,4.82,50.8522171376,2,2015
2015-04-17,4.81,4.9,4.79,4.84,100200,4.84,51.6028742173,2,2015
2015-04-20,4.83,4.84,4.79,4.82,102200,4.82,50.7678272286,2,2015
2015-04-21,4.83,4.88,4.79,4.87,271900,4.87,52.8231981621,2,2015
2015-04-22,4.87,4.89,4.8,4.84,84800,4.84,51.4356708211,2,2015
2015-04-23,4.86,4.89,4.81,4.86,287100,4.86,52.3345757157,2,2015
2015-04-24,4.84,4.89,4.71,4.75,187000,4.75,47.163834202,2,2015
2015-04-27,4.75,4.79,4.59,4.61,178700,4.61,41.5386524682,2,2015
2015-04-28,4.3,4.8,4.14,4.73,794700,4.73,47.3365995288,2,2015
2015-04-29,4.64,4.69,4.55,4.61,304000,4.61,42.7687036683,2,2015
2015-04-30,4.52,4.61,4.48,4.53,156400,4.53,39.9976374656,2,2015
2015-05-01,4.56,4.87,4.55,4.79,185000,4.79,51.0892185952,2,2015
2015-05-04,4.82,4.89,4.75,4.78,175200,4.78,50.7010207256,2,2015
2015-05-05,4.88,4.88,4.7,4.78,122700,4.78,50.7010207256,2,2015
2015-05-06,4.78,4.91,4.6,4.7,221600,4.7,47.3620419435,2,2015
2015-05-07,4.67,5.0,4.67,4.97,206000,4.97,57.528185396,2,2015
2015-05-08,4.99,5.0,4.88,5.0,215700,5.0,58.4875371498,2,2015
2015-05-11,4.99,5.03,4.86,4.88,109400,4.88,53.3012220602,2,2015
2015-05-12,4.85,4.99,4.75,4.86,122400,4.86,52.4661798274,2,2015
2015-05-13,4.96,4.96,4.8,4.85,165100,4.85,52.0272883444,2,2015
2015-05-14,4.87,5.04,4.81,5.02,147200,5.02,58.3984780118,2,2015
2015-05-15,5.0,5.03,4.88,4.96,114100,4.96,55.5922218585,2,2015
2015-05-18,4.94,5.0,4.91,4.99,127900,4.99,56.7122916003,2,2015
2015-05-19,4.99,5.19,4.92,5.13,241500,5.13,61.5820923584,2,2015
2015-05-20,5.13,5.18,4.89,5.17,183900,5.17,62.8674329144,2,2015
2015-05-21,5.15,5.19,5.01,5.18,189600,5.18,63.1989223794,2,2015
2015-05-22,5.14,5.27,5.13,5.23,213300,5.23,64.8867959189,2,2015
2015-05-26,5.22,5.45,5.22,5.3,381000,5.3,67.1578313745,2,2015
2015-05-27,5.35,5.45,5.32,5.42,174500,5.42,70.6610404092,2,2015
2015-05-28,5.41,5.44,5.36,5.4,264600,5.4,69.3336108714,2,2015
2015-05-29,5.38,5.38,5.29,5.33,267100,5.33,64.748854459,2,2015
2015-06-01,5.31,5.46,5.3,5.46,204800,5.46,68.8663445143,2,2015
